|0000|018|0|01062026|30062026|COMERCIAL DE ARMARINHO BRASIL LTDA|41556663000174||CE|069018901|2312908|||B|1|
|0001|0|
|0005|Casa Tavares|62010293|AVENIDA DOM JOSE TUPINAMBA DA FROTA|1511||CENTRO|8836115777|||
|0100|ESCRITORIO CONTABIL DE TESTE LTDA||CE000000-O|00000000000191|60000000||100||Centro|||contador@teste.com|1100015|
|0990|5|
|B001|1|
|B990|2|
|C001|0|
|C100|1|0||65|00|1|100017|23260641556663000174650010001000171000882295|25062026|25062026|1,61|2|0,00|0,00|1,61|3|0,00|0,00|0,00|0,00|0,00||||||||
|C190|102|5102|0,00|1,61|0,00|0,00|0,00|0,00|0,00|0,00||
|C100|1|0||65|00|1|100018|23260641556663000174650010001000181000713075|25062026|25062026|1,09|2|0,00|0,00|1,09|3|0,00|0,00|0,00|0,00|0,00||||||||
|C190|102|5102|0,00|1,09|0,00|0,00|0,00|0,00|0,00|0,00||
|C100|1|0||65|00|1|100019|23260641556663000174650010001000191000776465|27062026|27062026|2,36|2|0,00|0,00|2,36|3|0,00|0,00|0,00|0,00|0,00||||||||
|C190|102|5102|0,00|2,36|0,00|0,00|0,00|0,00|0,00|0,00||
|C100|1|0||65|00|1|100020|23260641556663000174650010001000201000875359|29062026|29062026|1,61|2|0,00|0,00|1,61|3|0,00|0,00|0,00|0,00|0,00||||||||
|C190|102|5102|0,00|1,61|0,00|0,00|0,00|0,00|0,00|0,00||
|C100|1|0||65|00|1|100021|23260641556663000174650010001000211000850930|29062026|29062026|1,09|2|0,00|0,00|1,09|3|0,00|0,00|0,00|0,00|0,00||||||||
|C190|102|5102|0,00|1,09|0,00|0,00|0,00|0,00|0,00|0,00||
|C100|1|0||65|00|1|100022|23260641556663000174650010001000221000796453|29062026|29062026|0,73|2|0,00|0,00|0,73|3|0,00|0,00|0,00|0,00|0,00||||||||
|C190|102|5102|0,00|0,73|0,00|0,00|0,00|0,00|0,00|0,00||
|C100|1|0||65|00|1|100023|23260641556663000174650010001000231000139700|29062026|29062026|1,09|2|0,00|0,00|1,09|3|0,00|0,00|0,00|0,00|0,00||||||||
|C190|102|5102|0,00|1,09|0,00|0,00|0,00|0,00|0,00|0,00||
|C990|16|
|D001|1|
|D990|2|
|E001|0|
|E100|01062026|30062026|
|E110|0,00|0,00|0,00|0,00|0,00|0,00|0,00|0,00|0,00|0,00|0,00|0,00|0,00|0,00|
|E990|4|
|G001|1|
|G990|2|
|H001|1|
|H990|2|
|K001|0|
|K990|2|
|1001|0|
|1010|N|N|N|N|N|N|N|N|N|N|N|N|N|
|1990|3|
|9001|0|
|9900|0000|1|
|9900|0001|1|
|9900|0005|1|
|9900|0100|1|
|9900|0990|1|
|9900|B001|1|
|9900|B990|1|
|9900|C001|1|
|9900|C100|7|
|9900|C190|7|
|9900|C990|1|
|9900|D001|1|
|9900|D990|1|
|9900|E001|1|
|9900|E100|1|
|9900|E110|1|
|9900|E990|1|
|9900|G001|1|
|9900|G990|1|
|9900|H001|1|
|9900|H990|1|
|9900|K001|1|
|9900|K990|1|
|9900|1001|1|
|9900|1010|1|
|9900|1990|1|
|9900|9001|1|
|9900|9900|30|
|9900|9990|1|
|9900|9999|1|
|9990|33|
|9999|71|
